Xi: [1.2048192771084336, 1.1244979919678715]
Ni: [0.03614457831325301, 0.5622489959839357]
Ri: [0.03, 0.5]
Ui: [0.03614457831325301, 0.5622489959839357]
X0: 0.08032128514056225
R: 7.45
Xi: [1.829044342694841, 1.7071080531818517]
Ni: [0.056854631375333614, 1.3334639210597194]
Ri: [0.03108433734939759, 0.7811244979919678]
Ui: [0.05487133028084523, 0.8535540265909258]
X0: 0.1219362895129894
R: 11.402008032128514
Xi: [2.063289617954424, 1.9257369767574621]
Ni: [0.06541791565811325, 2.2468188783570784]
Ri: [0.03170563894126, 1.1667319605298596]
Ui: [0.06189868853863271, 0.9628684883787311]
X0: 0.1375526411969616
R: 16.809832031536935